{
  "cells": [
    {
      "cell_type": "markdown",
      "metadata": {
        "id": "AzDBM_v4iMe7"
      },
      "source": [
        "# 00. PyTorch Fundamentals Exercises\n",
        "\n",
        "### 1. Documentation reading \n",
        "\n",
        "A big part of deep learning (and learning to code in general) is getting familiar with the documentation of a certain framework you're using. We'll be using the PyTorch documentation a lot throughout the rest of this course. So I'd recommend spending 10-minutes reading the following (it's okay if you don't get some things for now, the focus is not yet full understanding, it's awareness):\n",
        "  * The documentation on [`torch.Tensor`](https://pytorch.org/docs/stable/tensors.html#torch-tensor).\n",
        "  * The documentation on [`torch.cuda`](https://pytorch.org/docs/master/notes/cuda.html#cuda-semantics).\n",
        "\n"
      ]
    },
    {
      "cell_type": "code",
      "execution_count": null,
      "metadata": {},
      "outputs": [],
      "source": []
    },
    {
      "cell_type": "code",
      "execution_count": 1,
      "metadata": {
        "id": "bGD0oD8Kizak"
      },
      "outputs": [],
      "source": [
        "# No code solution (reading)"
      ]
    },
    {
      "cell_type": "markdown",
      "metadata": {
        "id": "__iXqqz-ioUJ"
      },
      "source": [
        "### 2. Create a random tensor with shape `(7, 7)`.\n"
      ]
    },
    {
      "cell_type": "code",
      "execution_count": 3,
      "metadata": {
        "id": "6pUq9Dc8i2L7"
      },
      "outputs": [
        {
          "data": {
            "text/plain": [
              "(tensor([[0.2949, 0.9413, 0.0891, 0.9027, 0.8626, 0.7812, 0.7692],\n",
              "         [0.5361, 0.1059, 0.0541, 0.9508, 0.4613, 0.2848, 0.0194],\n",
              "         [0.4426, 0.7306, 0.4542, 0.2848, 0.1849, 0.5309, 0.1372],\n",
              "         [0.4470, 0.7655, 0.4723, 0.3733, 0.2829, 0.9585, 0.8570],\n",
              "         [0.1978, 0.2285, 0.3656, 0.4889, 0.5617, 0.6723, 0.2784],\n",
              "         [0.9417, 0.5684, 0.8866, 0.6921, 0.5774, 0.8348, 0.5837],\n",
              "         [0.2253, 0.5280, 0.4368, 0.8535, 0.9276, 0.2038, 0.9445]]),\n",
              " torch.Size([7, 7]))"
            ]
          },
          "execution_count": 3,
          "metadata": {},
          "output_type": "execute_result"
        }
      ],
      "source": [
        "# Import torch\n",
        "import torch\n",
        "\n",
        "x = torch.rand(7,7)\n",
        "x, x.shape\n",
        "\n",
        "\n",
        "# Create random tensor\n"
      ]
    },
    {
      "cell_type": "markdown",
      "metadata": {
        "id": "9-XxvRLfiqkR"
      },
      "source": [
        "### 3. Perform a matrix multiplication on the tensor from 2 with another random tensor with shape `(1, 7)` (hint: you may have to transpose the second tensor)."
      ]
    },
    {
      "cell_type": "code",
      "execution_count": 5,
      "metadata": {
        "id": "NcLqR0Sbi_vT"
      },
      "outputs": [
        {
          "data": {
            "text/plain": [
              "(tensor([[0.2949, 0.9413, 0.0891, 0.9027, 0.8626, 0.7812, 0.7692],\n",
              "         [0.5361, 0.1059, 0.0541, 0.9508, 0.4613, 0.2848, 0.0194],\n",
              "         [0.4426, 0.7306, 0.4542, 0.2848, 0.1849, 0.5309, 0.1372],\n",
              "         [0.4470, 0.7655, 0.4723, 0.3733, 0.2829, 0.9585, 0.8570],\n",
              "         [0.1978, 0.2285, 0.3656, 0.4889, 0.5617, 0.6723, 0.2784],\n",
              "         [0.9417, 0.5684, 0.8866, 0.6921, 0.5774, 0.8348, 0.5837],\n",
              "         [0.2253, 0.5280, 0.4368, 0.8535, 0.9276, 0.2038, 0.9445]]),\n",
              " tensor([[0.2949, 0.5361, 0.4426, 0.4470, 0.1978, 0.9417, 0.2253],\n",
              "         [0.9413, 0.1059, 0.7306, 0.7655, 0.2285, 0.5684, 0.5280],\n",
              "         [0.0891, 0.0541, 0.4542, 0.4723, 0.3656, 0.8866, 0.4368],\n",
              "         [0.9027, 0.9508, 0.2848, 0.3733, 0.4889, 0.6921, 0.8535],\n",
              "         [0.8626, 0.4613, 0.1849, 0.2829, 0.5617, 0.5774, 0.9276],\n",
              "         [0.7812, 0.2848, 0.5309, 0.9585, 0.6723, 0.8348, 0.2038],\n",
              "         [0.7692, 0.0194, 0.1372, 0.8570, 0.2784, 0.5837, 0.9445]]),\n",
              " tensor([[3.7417, 1.7562, 1.7955, 2.8834, 1.9711, 3.1156, 3.0586],\n",
              "         [1.7562, 1.4999, 0.8492, 1.1213, 1.0708, 1.7865, 1.5162],\n",
              "         [1.7955, 0.8492, 1.3520, 1.7567, 1.0587, 2.0619, 1.3362],\n",
              "         [2.8834, 1.1213, 1.7567, 2.8814, 1.6604, 2.9969, 2.2969],\n",
              "         [1.9711, 1.0708, 1.0587, 1.6604, 1.3090, 2.0267, 1.6631],\n",
              "         [3.1156, 1.7865, 2.0619, 2.9969, 2.0267, 3.8459, 2.7472],\n",
              "         [3.0586, 1.5162, 1.3362, 2.2969, 1.6631, 2.7472, 3.0427]]))"
            ]
          },
          "execution_count": 5,
          "metadata": {},
          "output_type": "execute_result"
        }
      ],
      "source": [
        "# Create another random tensor\n",
        "x_t = x.T\n",
        "\n",
        "# Perform matrix multiplication \n",
        "z = x@x_t\n",
        "x,x_t,z"
      ]
    },
    {
      "cell_type": "markdown",
      "metadata": {
        "id": "eiutdKUFiryU"
      },
      "source": [
        "### 4. Set the random seed to `0` and do 2 & 3 over again.\n",
        "\n",
        "The output should be:\n",
        "```\n",
        "(tensor([[1.8542],\n",
        "         [1.9611],\n",
        "         [2.2884],\n",
        "         [3.0481],\n",
        "         [1.7067],\n",
        "         [2.5290],\n",
        "         [1.7989]]), torch.Size([7, 1]))\n",
        "```"
      ]
    },
    {
      "cell_type": "code",
      "execution_count": 11,
      "metadata": {
        "id": "D-lOWI_1jRMm"
      },
      "outputs": [
        {
          "data": {
            "text/plain": [
              "tensor([[2.8349, 2.0233, 2.5345],\n",
              "        [2.0233, 1.9596, 2.0367],\n",
              "        [2.5345, 2.0367, 2.8532]])"
            ]
          },
          "execution_count": 11,
          "metadata": {},
          "output_type": "execute_result"
        }
      ],
      "source": [
        "# Set manual seed\n",
        "torch.manual_seed(42)\n",
        "\n",
        "\n",
        "# Create two random tensors\n",
        "x = torch.rand(3,5)\n",
        "torch.manual_seed(42)\n",
        "y = torch.rand(3,5)\n",
        "y == x\n",
        "# Matrix multiply tensors\n",
        "y.mm(x.T)\n"
      ]
    },
    {
      "cell_type": "markdown",
      "metadata": {
        "id": "ezY6ks9Cis37"
      },
      "source": [
        "### 5. Speaking of random seeds, we saw how to set it with `torch.manual_seed()` but is there a GPU equivalent? (hint: you'll need to look into the documentation for `torch.cuda` for this one)\n",
        "  * If there is, set the GPU random seed to `1234`."
      ]
    },
    {
      "cell_type": "code",
      "execution_count": 22,
      "metadata": {
        "id": "_LKWcfSTjp00"
      },
      "outputs": [
        {
          "data": {
            "text/plain": [
              "(tensor([[8.1718e-01, 5.8811e-01, 5.5805e-01, 7.6914e-01, 3.3936e-01],\n",
              "         [4.5596e-01, 6.7508e-01, 4.4060e-04, 4.0876e-01, 1.7912e-01],\n",
              "         [5.9732e-01, 8.4722e-01, 4.6701e-01, 2.0730e-01, 4.2425e-01]],\n",
              "        device='mps:0'),\n",
              " tensor([[8.1718e-01, 5.8811e-01, 5.5805e-01, 7.6914e-01, 3.3936e-01],\n",
              "         [4.5596e-01, 6.7508e-01, 4.4060e-04, 4.0876e-01, 1.7912e-01],\n",
              "         [5.9732e-01, 8.4722e-01, 4.6701e-01, 2.0730e-01, 4.2425e-01]],\n",
              "        device='mps:0'),\n",
              " tensor([[True, True, True, True, True],\n",
              "         [True, True, True, True, True],\n",
              "         [True, True, True, True, True]], device='mps:0'))"
            ]
          },
          "execution_count": 22,
          "metadata": {},
          "output_type": "execute_result"
        }
      ],
      "source": [
        "# Set random seed on the GPU\n",
        "torch.mps.manual_seed(42)\n",
        "# Create two random tensors on GPU\n",
        "x = torch.rand(3,5, device='mps')\n",
        "torch.mps.manual_seed(42)\n",
        "z = torch.rand(3,5, device='mps')\n",
        "\n",
        "x,z, x==z"
      ]
    },
    {
      "cell_type": "markdown",
      "metadata": {
        "id": "Ir9qSaj6it4n"
      },
      "source": [
        "\n",
        "### 6. Create two random tensors of shape `(2, 3)` and send them both to the GPU (you'll need access to a GPU for this). Set `torch.manual_seed(1234)` when creating the tensors (this doesn't have to be the GPU random seed). The output should be something like:\n",
        "\n",
        "```\n",
        "Device: cuda\n",
        "(tensor([[0.0290, 0.4019, 0.2598],\n",
        "         [0.3666, 0.0583, 0.7006]], device='cuda:0'),\n",
        " tensor([[0.0518, 0.4681, 0.6738],\n",
        "         [0.3315, 0.7837, 0.5631]], device='cuda:0'))\n",
        "```"
      ]
    },
    {
      "cell_type": "code",
      "execution_count": 23,
      "metadata": {
        "id": "azXExiFZj5nm"
      },
      "outputs": [
        {
          "data": {
            "text/plain": [
              "(tensor([[0.4794, 0.7608, 0.8283],\n",
              "         [0.8029, 0.6423, 0.0597]], device='mps:0'),\n",
              " tensor([[0.0223, 0.9878, 0.2711],\n",
              "         [0.9123, 0.7672, 0.8879]], device='mps:0'))"
            ]
          },
          "execution_count": 23,
          "metadata": {},
          "output_type": "execute_result"
        }
      ],
      "source": [
        "# Set random seed\n",
        "torch.mps.manual_seed(1234)\n",
        "\n",
        "\n",
        "# Check for access to GPU\n",
        "x = torch.rand(2,3, device='mps');\n",
        "y = torch.rand(2,3, device='mps');\n",
        "\n",
        "# Create two random tensors on GPU\n",
        "x, y"
      ]
    },
    {
      "cell_type": "markdown",
      "metadata": {
        "id": "5TlAxeiSiu1y"
      },
      "source": [
        "\n",
        "### 7. Perform a matrix multiplication on the tensors you created in 6 (again, you may have to adjust the shapes of one of the tensors).\n",
        "\n",
        "The output should look like:\n",
        "```\n",
        "(tensor([[0.3647, 0.4709],\n",
        "         [0.5184, 0.5617]], device='cuda:0'), torch.Size([2, 2]))\n",
        "```"
      ]
    },
    {
      "cell_type": "code",
      "execution_count": 28,
      "metadata": {
        "id": "fAeG7ox0lHEO"
      },
      "outputs": [
        {
          "data": {
            "text/plain": [
              "tensor([[0.9868, 1.7565],\n",
              "        [0.6685, 1.2782]], device='mps:0')"
            ]
          },
          "execution_count": 28,
          "metadata": {},
          "output_type": "execute_result"
        }
      ],
      "source": [
        "# Perform matmul on tensor_A and tensor_B\n",
        "Z=x @ y.T \n",
        "Z\n"
      ]
    },
    {
      "cell_type": "markdown",
      "metadata": {
        "id": "G7qfa5CSivwg"
      },
      "source": [
        "### 8. Find the maximum and minimum values of the output of 7."
      ]
    },
    {
      "cell_type": "code",
      "execution_count": 32,
      "metadata": {
        "id": "Fu8_3mZpllOd"
      },
      "outputs": [
        {
          "data": {
            "text/plain": [
              "(tensor(0.6685, device='mps:0'), tensor(1.7565, device='mps:0'))"
            ]
          },
          "execution_count": 32,
          "metadata": {},
          "output_type": "execute_result"
        }
      ],
      "source": [
        "# Find max\n",
        "Z.min(), Z.max()\n",
        "# Find min\n"
      ]
    },
    {
      "cell_type": "markdown",
      "metadata": {
        "id": "wrTj5FgNiw47"
      },
      "source": [
        "### 9. Find the maximum and minimum index values of the output of 7."
      ]
    },
    {
      "cell_type": "code",
      "execution_count": null,
      "metadata": {
        "id": "CCEKt4K2lsfQ"
      },
      "outputs": [
        {
          "data": {
            "text/plain": [
              "(tensor(2, device='mps:0'), tensor(1, device='mps:0'))"
            ]
          },
          "execution_count": 34,
          "metadata": {},
          "output_type": "execute_result"
        }
      ],
      "source": [
        "# Find arg max\n",
        "Z.argmin(), Z.argmax()\n",
        "\n",
        "\n",
        "\n",
        "# Find arg min\n"
      ]
    },
    {
      "cell_type": "markdown",
      "metadata": {
        "id": "hmeybz4uixy7"
      },
      "source": [
        "\n",
        "### 10. Make a random tensor with shape `(1, 1, 1, 10)` and then create a new tensor with all the `1` dimensions removed to be left with a tensor of shape `(10)`. Set the seed to `7` when you create it and print out the first tensor and it's shape as well as the second tensor and it's shape.\n",
        "\n",
        "The output should look like:\n",
        "\n",
        "```\n",
        "tensor([[[[0.5349, 0.1988, 0.6592, 0.6569, 0.2328, 0.4251, 0.2071, 0.6297,\n",
        "           0.3653, 0.8513]]]]) torch.Size([1, 1, 1, 10])\n",
        "tensor([0.5349, 0.1988, 0.6592, 0.6569, 0.2328, 0.4251, 0.2071, 0.6297, 0.3653,\n",
        "        0.8513]) torch.Size([10])\n",
        "```"
      ]
    },
    {
      "cell_type": "code",
      "execution_count": 37,
      "metadata": {
        "id": "TQ9zbRzVl1jV"
      },
      "outputs": [
        {
          "data": {
            "text/plain": [
              "(tensor([[[[0.5349, 0.1988, 0.6592, 0.6569, 0.2328, 0.4251, 0.2071, 0.6297,\n",
              "            0.3653, 0.8513]]]]),\n",
              " torch.Size([1, 1, 1, 10]),\n",
              " tensor([0.5349, 0.1988, 0.6592, 0.6569, 0.2328, 0.4251, 0.2071, 0.6297, 0.3653,\n",
              "         0.8513]),\n",
              " torch.Size([10]))"
            ]
          },
          "execution_count": 37,
          "metadata": {},
          "output_type": "execute_result"
        }
      ],
      "source": [
        "# Set seed\n",
        "torch.manual_seed(7)\n",
        "\n",
        "\n",
        "\n",
        "\n",
        "# Create random tensor\n",
        "X=torch.rand(1,1,1,10)\n",
        "\n",
        "\n",
        "# Remove single dimensions\n",
        "Z = X.reshape(10)\n",
        "\n",
        "\n",
        "# Print out tensors and their shapes\n",
        "X, X.shape,Z,  Z.shape\n"
      ]
    }
  ],
  "metadata": {
    "accelerator": "GPU",
    "colab": {
      "collapsed_sections": [],
      "name": "00_pytorch_fundamentals_exercises.ipynb",
      "provenance": []
    },
    "kernelspec": {
      "display_name": "pytorch-course",
      "language": "python",
      "name": "python3"
    },
    "language_info": {
      "codemirror_mode": {
        "name": "ipython",
        "version": 3
      },
      "file_extension": ".py",
      "mimetype": "text/x-python",
      "name": "python",
      "nbconvert_exporter": "python",
      "pygments_lexer": "ipython3",
      "version": "3.12.12"
    }
  },
  "nbformat": 4,
  "nbformat_minor": 0
}
